// DATOS DE LAS RECTAS POTENCIA - CAUDAL DE TODAS LAS CENTRALES
//RECTAS ASCENDENTES (RAi_coef a:1er grado b:independiente)
//RECTAS DESCENDENTES (RDi_coef se deberón multiplicar ambos coeficientes por cantmodDisp)
//RECTAS HORIZONTALES (RHISOLO PARA LA CENTRAL DE SALTO GRANDE)
// SE DEBE PONER LA PALABRA "FIN" LUEGO DE LOS DATOS DE UNA CENTRAL

BONETE 
//Cota_Lago Cota_CAA   RA1_a    RA1_b      RA2_a        RA2_b         RD1_a         RD1_b
70	53	0.138019372	0	0.128177018	3.091795723	-0.002855357	24.37953428
71	53	0.146545703	0	0.136703018	3.091562697	-0.002855357	25.82895428
72	53	0.155071963	0	0.145229018	3.091345435	-0.002855357	27.27837428
73	53	0.163598257	0	0.153755018	3.091457491	-0.003062262	28.89331805
74	53	0.172124508	0	0.162281018	3.091506441	-0.003062262	30.34273805
75	53	0.180650728	0	0.170807018	3.091507468	-0.003062262	31.79215805
76	53	0.189176904	0	0.179333018	3.091367776	-0.003062262	33.24157805
77	53	0.197703028	0	0.187859018	3.091142499	-0.003062262	34.69099805
78	53	0.206229038	0	0.196385018	3.090818724	-0.003062262	36.14041805
79	53	0.21475469	0	0.204911018	3.090409615	-0.003062262	37.58983805
80	53	0.223279007	0	0.213437018	3.090335151	-0.003062262	39.03925805
81	53	0.231807725	0	0.221963018	3.071579496	-0.003029872	40.42389744
82	53	0.240369494	0	0.230489018	2.97570336	-0.002830632	47.25245616
83	53	0.253206649	0	0.249539762	3.776142764	-0.002830632	50.66285616
84	53	0.253206649	0	0.249539762	3.776142764	-0.002830632	50.66285616
85	53	0.274402653	0	0.25643973	5.82935412	-0.002830632	50.66285616
86	53	0.274402653	0	0.25643973	5.82935412	-0.002830632	50.66285616
87	53	0.274402653	0	0.25643973	5.82935412	-0.002830632	50.66285616
88	53	0.0      	0	0.0      	0.0     	-0.0        	0.0  
89	53	0.0      	0	0.0      	0.0     	-0.0        	0.0  
90	53	0.0      	0	0.0      	0.0     	-0.0        	0.0 
91	55	0.0      	0	0.0      	0.0     	-0.0        	0.0  
92	55	0.0      	0	0.0      	0.0     	-0.0        	0.0  
93	55	0.0      	0	0.0      	0.0     	-0.0        	0.0  
70	54	0.130665076	0	0.122839183	2.503483119	-0.002855357	23.65975231
71	54	0.139203688	0	0.131365183	2.502940904	-0.002855357	25.10917231
72	54	0.147694162	0	0.139891183	2.524079818	-0.002855357	26.55859231
73	54	0.15621947	0	0.148417183	2.524162594	-0.002855357	28.00801231
74	54	0.164745897	0	0.156943183	2.524499627	-0.002855357	29.45743231
75	54	0.173272115	0	0.165469183	2.524489531	-0.002855357	30.90685231
76	54	0.181799276	0	0.173995183	2.524166703	-0.002855357	32.35627231
77	54	0.190325475	0	0.182521183	2.523599407	-0.002855357	33.80569231
78	54	0.198851729	0	0.191047183	2.523866673	-0.002762836	35.18109526
79	54	0.207377898	0	0.199573183	2.523822435	-0.002762836	36.63051526
80	54	0.215903923	0	0.208099183	2.523771398	-0.002762836	38.07993526
81	54	0.224430219	0	0.216625183	2.523798191	-0.002762836	39.52935526
82	54	0.23302764	0	0.225151183	2.395037266	-0.002830632	46.98576288
83	54	0.249687528	0	0.223981204	10.72940767	-0.002830632	50.39616288
84	54	0.249687528	0	0.223981204	10.72940767	-0.002830632	50.39616288
85	54	0.267060828	0	0.245776454	6.99189198	-0.002830632	53.80656288
86	54	0.267060828	0	0.245776454	6.99189198	-0.002830632	53.80656288
87	54	0.267060828	0	0.245776454	6.99189198	-0.002830632	53.80656288
88	54	0.0      	0	0.0      	0.0     	-0.0        	0.0  
89	54	0.0      	0	0.0      	0.0     	-0.0        	0.0  
90	54	0.0      	0	0.0      	0.0     	-0.0        	0.0 
91	55	0.0      	0	0.0      	0.0     	-0.0        	0.0  
92	55	0.0      	0	0.0      	0.0     	-0.0        	0.0  
93	55	0.0      	0	0.0      	0.0     	-0.0        	0.0  
70	55	0.123227535	0	0.117501348	1.97950785	-0.002855357	22.93997034
71	55	0.131754084	0	0.126027348	1.979800432	-0.002855357	24.38939034
72	55	0.140280434	0	0.134553348	1.980119114	-0.002855357	25.83881034
73	55	0.148806806	0	0.143079348	1.980413544	-0.002855357	27.28823034
74	55	0.157333261	0	0.151605348	1.980698839	-0.002855357	28.73765034
75	55	0.165859609	0	0.160131348	1.980906561	-0.002855357	30.18707034
76	55	0.174385876	0	0.168657348	1.981121715	-0.002463410	31.32293248
77	55	0.182911898	0	0.177183348	1.981372631	-0.002463410	32.77235248
78	55	0.191438393	0	0.185709348	1.981451724	-0.002463410	34.22177248
79	55	0.199964555	0	0.194235348	1.981549731	-0.002463410	35.67119248
80	55	0.208490807	0	0.202761348	1.981741306	-0.002463410	37.12061248
81	55	0.217016811	0	0.211287348	1.981898426	-0.002463410	38.57003248
82	55	0.22557874	0	0.219813348	1.935980167	-0.002830632	46.7190696
83	55	0.242665766	0	0.232841923	3.192003794	-0.002830632	50.1294696
84	55	0.242665766	0	0.232841923	3.192003794	-0.002830632	50.1294696
85	55	0.259754628	0	0.24622383	4.265701916	-0.002830632	53.5398696
86	55	0.259754628	0	0.24622383	4.265701916	-0.002830632	53.5398696
87	55	0.259754628	0	0.24622383	4.265701916	-0.002830632	53.5398696
88	55	0.0      	0	0.0      	0.0     	-0.0        	0.0  
89	55	0.0      	0	0.0      	0.0     	-0.0        	0.0  
90	55	0.0      	0	0.0      	0.0     	-0.0        	0.0 
91	55	0.0      	0	0.0      	0.0     	-0.0        	0.0  
92	55	0.0      	0	0.0      	0.0     	-0.0        	0.0  
93	55	0.0      	0	0.0      	0.0     	-0.0        	0.0  
FIN
BAYGORRIA
//Cota_Lago Cota_CAA   RA1_a    RA1_b      RA2_a        RA2_b         RD1_a         RD1_b
53	36	0.139265007	0	0.119029578	10.12907053	-0.003412105	38.76245634
53	37	0.132234467	0	0.115087902	8.610189082	-0.003412105	37.44679564
53	38	0.125203885	0	0.111146226	7.087477996	-0.003412105	36.13113494
53	39	0.118173336	0	0.107204551	5.560252496	-0.003412105	34.81547424
53	40	0.111128936	0	0.103262875	4.046299447	-0.003412105	33.49981354
53	41	0.104053548	0	0.099321199	2.553469077	-0.003412105	32.18415283
53	42	0.097026816	0	0.095379523	1.217617189	-0.003412105	30.86849213
53	43	0.083528394	0	0.087496172	0.753200275	-0.003412105	28.23717073
53	44	0.083528394	0	0.087496172	0.753200275	-0.003412105	28.23717073
53	45	0.083528394	0	0.087496172	0.753200275	-0.003412105	28.23717073
53	46	0.083528394	0	0.087496172	0.753200275	-0.003412105	28.23717073
53	47	0.083528394	0	0.087496172	0.753200275	-0.003412105	28.23717073
53	48	0.083528394	0	0.087496172	0.753200275	-0.003412105	28.23717073
54	36	0.14768361	0	0.108660041	22.33417441	-0.003412105	41.11563234
54	37	0.140702135	0	0.117400712	12.70135977	-0.003412105	39.79997164
54	38	0.133729917	0	0.11962614	7.117565365	-0.003412105	38.48431094
54	39	0.126699341	0	0.115684464	5.589772516	-0.003412105	37.16865024
54	40	0.119654937	0	0.111742788	4.07600726	-0.003412105	35.85298954
54	41	0.112563724	0	0.107801113	2.632521091	-0.003412105	34.53732883
54	42	0.105539803	0	0.103859437	1.416156313	-0.003412105	33.22166813
54	43	0.092059304	0	0.095976085	0.026778871	-0.003412105	30.59034673
54	44	0.092059304	0	0.095976085	0.026778871	-0.003412105	30.59034673
54	45	0.092059304	0	0.095976085	0.026778871	-0.003412105	30.59034673
54	46	0.092059304	0	0.095976085	0.026778871	-0.003412105	30.59034673
54	47	0.092059304	0	0.095976085	0.026778871	-0.003412105	30.59034673
54	48	0.092059304	0	0.095976085	0.026778871	-0.003412105	30.59034673
55	36	0.156209719	0	0.098060149	33.62853908	-0.002767507	41.53501452
55	37	0.149161741	0	0.10680082	24.85193648	-0.003412105	42.15314764
55	38	0.142131232	0	0.11554149	15.50230922	-0.003412105	40.83748694
55	39	0.135225417	0	0.124164378	5.619361133	-0.003412105	39.52182624
55	40	0.128181049	0	0.120222702	4.105702966	-0.003412105	38.20616554
55	41	0.121089206	0	0.116281026	2.664156365	-0.003412105	36.89050483
55	42	0.114066159	0	0.11233935	2.889733352	-0.003412105	35.57484413
55	43	0.100589364	0	0.104455999	0.047978655	-0.003412105	32.94352273
55	44	0.100589364	0	0.104455999	0.047978655	-0.003412105	32.94352273
55	45	0.100589364	0	0.104455999	0.047978655	-0.003412105	32.94352273
55	46	0.100589364	0	0.104455999	0.047978655	-0.003412105	32.94352273
55	47	0.100589364	0	0.104455999	0.047978655	-0.003412105	32.94352273
55	48	0.100589364	0	0.104455999	0.047978655	-0.003412105	32.94352273
FIN
PALMAR								
//Cota Lago	Cota_CAA	RA1_coef	RA1_indep	RA2_coef	RA2_indep	RA3_coef	RA3_indep	RD_coef	RD_indep
36	0	0.25088129	0	0.21986055	11.42423468	0.190618638	40.81760111	-0.006913077	107.5079458
37	0	0.259703455	0	0.22868055	11.42360697	0.199271523	41.0125145	-0.006913077	111.5439778
38	0	0.268525021	0	0.23750055	11.42306031	0.207924407	41.20750303	-0.006913077	115.5800098
39	0	0.277346762	0	0.24632055	11.33757366	0.201179605	60.30386129	-0.006913077	119.6160418
40	0	0.286168221	0	0.25514055	11.278979	0.177969079	98.28975296	-0.006913077	123.6520738
41	0	0.294989935	0	0.26396055	11.29442437	0.154758553	133.3463042	-0.005482101	121.9642024
42	0	0.30381134	0	0.27278055	11.32327053	0.131548026	166.328511	-0.006465138	129.9323818
43	0	0.321453744	0	0.29042055	11.37285371	0.085126974	228.2412375	-0.005556325	133.8687238
44	0	0.321453744	0	0.29042055	11.37285371	0.085126974	228.2412375	-0.005556325	133.8687238
45	0	0.321453744	0	0.29042055	11.37285371	0.085126974	228.2412375	-0.005556325	133.8687238
46	0	0.321453744	0	0.29042055	11.37285371	0.085126974	228.2412375	-0.005556325	133.8687238
47	0	0.321453744	0	0.29042055	11.37285371	0.085126974	228.2412375	-0.005556325	133.8687238
48	0	0.321453744	0	0.29042055	11.37285371	0.085126974	228.2412375	-0.005556325	133.8687238
FIN
SALTO
// Toda la central 1800MW														
//Cota Lago	Cota_CAA	RA1_coef	RA1_indep	RA2_coef	RA2_indep	RA3_coef	RA3_indep	RA4_coef	RA4_indep	RA5_coef	RA5_indep	RD1_coef	RD1_indep	RD2_coef	RD2_indep
30	0	0.217181343	0	0.201662941	12.0378797	0.185290154	48.53543256	0.165484033	126.6809065	0.146579016	240.9261828	-0.00249163		130.511376	0	105
31	0	0.22600221	0	0.210482941	12.03704033	0.194110154	48.55333236	0.174304033	126.6808688	0.155399016	240.9260094	-0.002491625	136.067976	0	111
32	0	0.234822769	0	0.219302941	12.03724021	0.202930154	48.53578133	0.183124033	126.6801762	0.164219016	240.9260716	-0.002345291	141.624576	0	116
33	0	0.243643417	0	0.228122941	12.0362846	0.211750154	48.53581623	0.191944033	126.6801452	0.173039016	240.9260677	-0.002345291	147.181176	0	121
34	0	0.252463902	0	0.236942941	12.03535303	0.220570154	48.53588486	0.200764033	126.6800844	0.181859016	240.9260588	-0.002345291	152.737776	0	127
35	0	0.261283182	0	0.245762941	12.03226215	0.229390154	48.55241411	0.209584033	126.683841	0.190679016	240.9260145	-0.002345291	158.294376	0	132
36	0	0.270098517	0	0.254582941	12.0314946	0.238210154	48.54457972	0.218404033	126.5990779	0.19817157	250.4819352	-0.002420691	162.7160249	0	134
37	0	0.278925221	0	0.263402941	12.03117488	0.247030154	48.65400471	0.227224033	125.0389025	0.175162874	482.1163723	-0.002358811	167.2825543	0	135
38	0	0.287739013	0	0.272222941	12.03488919	0.255850154	48.63772722	0.236044033	125.0801576	0.152154178	696.4995989	-0.002192789	170.04394	0	135
39	0	0.296565912	0	0.281042941	12.03333182	0.264670154	48.62264587	0.244864033	125.5334124	0.129145483	896.6509458	-0.001627618	164.2971298	0	135
40	0	0.297565912	0	0.282042941	12.03333182	0.265670154	48.62264587	0.245864033	125.5334124	0.129245483	896.6509458	-0.001627618	164.2971298	0	135
41	0	0.297565912	0	0.282042941	12.03333182	0.265670154	48.62264587	0.245864033	125.5334124	0.129245483	896.6509458	-0.001627618	164.2971298	0	135
42	0	0.298565912	0	0.283042941	12.03333182	0.266670154	48.62264587	0.246864033	125.5334124	0.129345483	896.6509458	-0.001627618	164.2971298	0	135
43	0	0.298565912	0	0.283042941	12.03333182	0.266670154	48.62264587	0.246864033	125.5334124	0.129345483	896.6509458	-0.001627618	164.2971298	0	135
44	0	0.298565912	0	0.283042941	12.03333182	0.266670154	48.62264587	0.246864033	125.5334124	0.129345483	896.6509458	-0.001627618	164.2971298	0	135
45	0	0.298565912	0	0.283042941	12.03333182	0.266670154	48.62264587	0.246864033	125.5334124	0.129345483	896.6509458	-0.001627618	164.2971298	0	135
46	0	0.298565912	0	0.283042941	12.03333182	0.266670154	48.62264587	0.246864033	125.5334124	0.129345483	896.6509458	-0.001627618	164.2971298	0	135
47	0	0.298565912	0	0.283042941	12.03333182	0.266670154	48.62264587	0.246864033	125.5334124	0.129345483	896.6509458	-0.001627618	164.2971298	0	135
FIN
		